0 0, 0
508 0, 75
252 0, 75
380 0, 75
444 0, 75
476 0, 75
492 0, 75
500 0, 75
504 0, 75
124 0, 75
188 0, 75
220 0, 75
236 0, 75
244 0, 75
248 0, 75
316 0, 75
348 0, 75
364 0, 75
372 0, 75
376 0, 75
412 0, 75
428 0, 75
436 0, 75
440 0, 75
460 0, 75
468 0, 75
472 0, 75
484 0, 75
488 0, 75
496 0, 75
60 0, 75
92 0, 75
108 0, 75
116 0, 75
120 0, 75
156 0, 75
172 0, 75
180 0, 75
184 0, 75
204 0, 75
212 0, 75
216 0, 75
228 0, 75
232 0, 75
240 0, 75
284 0, 75
300 0, 75
308 0, 75
312 0, 75
332 0, 75
340 0, 75
344 0, 75
356 0, 75
360 0, 75
368 0, 75
396 0, 75
404 0, 75
408 0, 75
420 0, 75
424 0, 75
432 0, 75
452 0, 75
456 0, 75
464 0, 75
480 0, 75
28 0, 75
44 0, 75
52 0, 75
56 0, 75
76 0, 75
84 0, 75
88 0, 75
100 0, 75
104 0, 75
112 0, 75
140 0, 75
148 0, 75
152 0, 75
164 0, 75
168 0, 75
176 0, 75
196 0, 75
200 0, 75
208 0, 75
224 0, 75
268 0, 75
276 0, 75
280 0, 75
292 0, 75
296 0, 75
304 0, 75
324 0, 75
328 0, 75
336 0, 75
352 0, 75
388 0, 75
392 0, 75
400 0, 75
416 0, 75
448 0, 75
12 1678704129, 75
20 0, 75
24 0, 75
36 0, 75
40 0, 75
48 0, 75
68 0, 75
72 0, 75
80 0, 75
96 0, 75
132 0, 75
136 0, 75
144 0, 75
160 0, 75
192 0, 75
260 0, 75
264 0, 75
272 0, 75
288 0, 75
320 0, 75
384 0, 75
4 51249408, 75
8 523, 75
16 50986497, 75
32 0, 75
64 0, 75
128 0, 75
256 0, 75
0 177471488, 75
12 1678704129, 87
20 0, 87
24 0, 87
36 0, 87
40 0, 87
48 0, 87
68 0, 87
72 0, 87
80 0, 87
96 0, 87
132 0, 87
136 0, 87
144 0, 87
160 0, 87
192 0, 87
260 0, 87
264 0, 87
272 0, 87
288 0, 87
320 0, 87
384 0, 87
4 51249408, 87
8 523, 87
16 50986497, 87
32 0, 87
64 0, 87
128 0, 87
256 0, 87
0 177471488, 87
12 1678704129, 99
20 0, 99
24 0, 99
36 0, 99
40 0, 99
48 0, 99
68 0, 99
72 0, 99
80 0, 99
96 0, 99
132 0, 99
136 0, 99
144 0, 99
160 0, 99
192 0, 99
260 0, 99
264 0, 99
272 0, 99
288 0, 99
320 0, 99
384 0, 99
4 51249408, 99
8 523, 99
16 50986497, 99
32 0, 99
64 0, 99
128 0, 99
256 0, 99
0 177471488, 99
12 1678704129, 111
20 0, 111
24 0, 111
36 0, 111
40 0, 111
48 0, 111
68 0, 111
72 0, 111
80 0, 111
96 0, 111
132 0, 111
136 0, 111
144 0, 111
160 0, 111
192 0, 111
260 0, 111
264 0, 111
272 0, 111
288 0, 111
320 0, 111
384 0, 111
4 51249408, 111
8 523, 111
16 50986497, 111
32 0, 111
64 0, 111
128 0, 111
256 0, 111
0 177471488, 111
12 1678704129, 123
20 0, 123
24 0, 123
36 0, 123
40 0, 123
48 0, 123
68 0, 123
72 0, 123
80 0, 123
96 0, 123
132 0, 123
136 0, 123
144 0, 123
160 0, 123
192 0, 123
260 0, 123
264 0, 123
272 0, 123
288 0, 123
320 0, 123
384 0, 123
4 51249408, 123
8 523, 123
16 50986497, 123
32 0, 123
64 0, 123
128 0, 123
256 0, 123
0 177471488, 123
12 1678704129, 135
20 0, 135
24 0, 135
36 0, 135
40 0, 135
48 0, 135
68 0, 135
72 0, 135
80 0, 135
96 0, 135
132 0, 135
136 0, 135
144 0, 135
160 0, 135
192 0, 135
260 0, 135
264 0, 135
272 0, 135
288 0, 135
320 0, 135
384 0, 135
4 51249408, 135
8 523, 135
16 50986497, 135
32 0, 135
64 0, 135
128 0, 135
256 0, 135
0 177471488, 135
12 1678704129, 147
20 0, 147
24 0, 147
36 0, 147
40 0, 147
48 0, 147
68 0, 147
72 0, 147
80 0, 147
96 0, 147
132 0, 147
136 0, 147
144 0, 147
160 0, 147
192 0, 147
260 0, 147
264 0, 147
272 0, 147
288 0, 147
320 0, 147
384 0, 147
4 51249408, 147
8 523, 147
16 50986497, 147
32 0, 147
64 0, 147
128 0, 147
256 0, 147
0 177471488, 147
12 1678704129, 159
20 0, 159
24 0, 159
36 0, 159
40 0, 159
48 0, 159
68 0, 159
72 0, 159
80 0, 159
96 0, 159
132 0, 159
136 0, 159
144 0, 159
160 0, 159
192 0, 159
260 0, 159
264 0, 159
272 0, 159
288 0, 159
320 0, 159
384 0, 159
4 51249408, 159
8 523, 159
16 50986497, 159
32 0, 159
64 0, 159
128 0, 159
256 0, 159
0 177471488, 159
12 1678704129, 171
20 0, 171
24 0, 171
36 0, 171
40 0, 171
48 0, 171
68 0, 171
72 0, 171
80 0, 171
96 0, 171
132 0, 171
136 0, 171
144 0, 171
160 0, 171
192 0, 171
260 0, 171
264 0, 171
272 0, 171
288 0, 171
320 0, 171
384 0, 171
4 51249408, 171
8 523, 171
16 50986497, 171
32 0, 171
64 0, 171
128 0, 171
256 0, 171
0 177471488, 171
12 1678704129, 183
20 0, 183
24 0, 183
36 0, 183
40 0, 183
48 0, 183
68 0, 183
72 0, 183
80 0, 183
96 0, 183
132 0, 183
136 0, 183
144 0, 183
160 0, 183
192 0, 183
260 0, 183
264 0, 183
272 0, 183
288 0, 183
320 0, 183
384 0, 183
4 51249408, 183
8 523, 183
16 50986497, 183
32 0, 183
64 0, 183
128 0, 183
256 0, 183
0 177471488, 183
12 1678704129, 195
20 0, 195
24 0, 195
36 0, 195
40 0, 195
48 0, 195
68 0, 195
72 0, 195
80 0, 195
96 0, 195
132 0, 195
136 0, 195
144 0, 195
160 0, 195
192 0, 195
260 0, 195
264 0, 195
272 0, 195
288 0, 195
320 0, 195
384 0, 195
4 51249408, 195
8 523, 195
16 50986497, 195
32 0, 195
64 0, 195
128 0, 195
256 0, 195
0 177471488, 195
12 1678704129, 207
20 0, 207
24 0, 207
36 0, 207
40 0, 207
48 0, 207
68 0, 207
72 0, 207
80 0, 207
96 0, 207
132 0, 207
136 0, 207
144 0, 207
160 0, 207
192 0, 207
260 0, 207
264 0, 207
272 0, 207
288 0, 207
320 0, 207
384 0, 207
4 51249408, 207
8 523, 207
16 50986497, 207
32 0, 207
64 0, 207
128 0, 207
256 0, 207
0 177471488, 207
12 1678704129, 219
20 0, 219
24 0, 219
36 0, 219
40 0, 219
48 0, 219
68 0, 219
72 0, 219
80 0, 219
96 0, 219
132 0, 219
136 0, 219
144 0, 219
160 0, 219
192 0, 219
260 0, 219
264 0, 219
272 0, 219
288 0, 219
320 0, 219
384 0, 219
4 51249408, 219
8 523, 219
16 50986497, 219
32 0, 219
64 0, 219
128 0, 219
256 0, 219
0 177471488, 219
12 1678704129, 231
20 0, 231
24 0, 231
36 0, 231
40 0, 231
48 0, 231
68 0, 231
72 0, 231
80 0, 231
96 0, 231
132 0, 231
136 0, 231
144 0, 231
160 0, 231
192 0, 231
260 0, 231
264 0, 231
272 0, 231
288 0, 231
320 0, 231
384 0, 231
4 51249408, 231
8 523, 231
16 50986497, 231
32 0, 231
64 0, 231
128 0, 231
256 0, 231
0 177471488, 231
12 1678704129, 243
20 0, 243
24 0, 243
36 0, 243
40 0, 243
48 0, 243
68 0, 243
72 0, 243
80 0, 243
96 0, 243
132 0, 243
136 0, 243
144 0, 243
160 0, 243
192 0, 243
260 0, 243
264 0, 243
272 0, 243
288 0, 243
320 0, 243
384 0, 243
4 51249408, 243
8 523, 243
16 50986497, 243
32 0, 243
64 0, 243
128 0, 243
256 0, 243
0 177471488, 243
12 1678704129, 255
20 0, 255
24 0, 255
36 0, 255
40 0, 255
48 0, 255
68 0, 255
72 0, 255
80 0, 255
96 0, 255
132 0, 255
136 0, 255
144 0, 255
160 0, 255
192 0, 255
260 0, 255
264 0, 255
272 0, 255
288 0, 255
320 0, 255
384 0, 255
4 51249408, 255
8 523, 255
16 50986497, 255
32 0, 255
64 0, 255
128 0, 255
256 0, 255
0 177471488, 255
12 1678704129, 267
20 0, 267
24 0, 267
36 0, 267
40 0, 267
48 0, 267
68 0, 267
72 0, 267
80 0, 267
96 0, 267
132 0, 267
136 0, 267
144 0, 267
160 0, 267
192 0, 267
260 0, 267
264 0, 267
272 0, 267
288 0, 267
320 0, 267
384 0, 267
4 51249408, 267
8 523, 267
16 50986497, 267
32 0, 267
64 0, 267
128 0, 267
256 0, 267
0 177471488, 267
12 1678704129, 279
20 0, 279
24 0, 279
36 0, 279
40 0, 279
48 0, 279
68 0, 279
72 0, 279
80 0, 279
96 0, 279
132 0, 279
136 0, 279
144 0, 279
160 0, 279
192 0, 279
260 0, 279
264 0, 279
272 0, 279
288 0, 279
320 0, 279
384 0, 279
4 51249408, 279
8 523, 279
16 50986497, 279
32 0, 279
64 0, 279
128 0, 279
256 0, 279
0 177471488, 279
12 1678704129, 291
20 0, 291
24 0, 291
36 0, 291
40 0, 291
48 0, 291
68 0, 291
72 0, 291
80 0, 291
96 0, 291
132 0, 291
136 0, 291
144 0, 291
160 0, 291
192 0, 291
260 0, 291
264 0, 291
272 0, 291
288 0, 291
320 0, 291
384 0, 291
4 51249408, 291
8 523, 291
16 50986497, 291
32 0, 291
64 0, 291
128 0, 291
256 0, 291
0 177471488, 291
12 1678704129, 303
20 0, 303
24 0, 303
36 0, 303
40 0, 303
48 0, 303
68 0, 303
72 0, 303
80 0, 303
96 0, 303
132 0, 303
136 0, 303
144 0, 303
160 0, 303
192 0, 303
260 0, 303
264 0, 303
272 0, 303
288 0, 303
320 0, 303
384 0, 303
4 51249408, 303
8 523, 303
16 50986497, 303
32 0, 303
64 0, 303
128 0, 303
256 0, 303
0 177471488, 303
12 1678704129, 315
20 0, 315
24 0, 315
36 0, 315
40 0, 315
48 0, 315
68 0, 315
72 0, 315
80 0, 315
96 0, 315
132 0, 315
136 0, 315
144 0, 315
160 0, 315
192 0, 315
260 0, 315
264 0, 315
272 0, 315
288 0, 315
320 0, 315
384 0, 315
4 51249408, 315
8 523, 315
16 50986497, 315
32 0, 315
64 0, 315
128 0, 315
256 0, 315
0 177471488, 315
12 1678704129, 327
20 0, 327
24 0, 327
36 0, 327
40 0, 327
48 0, 327
68 0, 327
72 0, 327
80 0, 327
96 0, 327
132 0, 327
136 0, 327
144 0, 327
160 0, 327
192 0, 327
260 0, 327
264 0, 327
272 0, 327
288 0, 327
320 0, 327
384 0, 327
4 51249408, 327
8 523, 327
16 50986497, 327
32 0, 327
64 0, 327
128 0, 327
256 0, 327
0 177471488, 327
12 1678704129, 339
20 0, 339
24 0, 339
36 0, 339
40 0, 339
48 0, 339
68 0, 339
72 0, 339
80 0, 339
96 0, 339
132 0, 339
136 0, 339
144 0, 339
160 0, 339
192 0, 339
260 0, 339
264 0, 339
272 0, 339
288 0, 339
320 0, 339
384 0, 339
4 51249408, 339
8 523, 339
16 50986497, 339
32 0, 339
64 0, 339
128 0, 339
256 0, 339
0 177471488, 339
12 1678704129, 351
20 0, 351
24 0, 351
36 0, 351
40 0, 351
48 0, 351
68 0, 351
72 0, 351
80 0, 351
96 0, 351
132 0, 351
136 0, 351
144 0, 351
160 0, 351
192 0, 351
260 0, 351
264 0, 351
272 0, 351
288 0, 351
320 0, 351
384 0, 351
4 51249408, 351
8 523, 351
16 50986497, 351
32 0, 351
64 0, 351
128 0, 351
256 0, 351
0 177471488, 351
12 1678704129, 363
20 0, 363
24 0, 363
36 0, 363
40 0, 363
48 0, 363
68 0, 363
72 0, 363
80 0, 363
96 0, 363
132 0, 363
136 0, 363
144 0, 363
160 0, 363
192 0, 363
260 0, 363
264 0, 363
272 0, 363
288 0, 363
320 0, 363
384 0, 363
4 51249408, 363
8 523, 363
16 50986497, 363
32 0, 363
64 0, 363
128 0, 363
256 0, 363
0 177471488, 363
12 1678704129, 375
20 0, 375
24 0, 375
36 0, 375
40 0, 375
48 0, 375
68 0, 375
72 0, 375
80 0, 375
96 0, 375
132 0, 375
136 0, 375
144 0, 375
160 0, 375
192 0, 375
260 0, 375
264 0, 375
272 0, 375
288 0, 375
320 0, 375
384 0, 375
4 51249408, 375
8 523, 375
16 50986497, 375
32 0, 375
64 0, 375
128 0, 375
256 0, 375
0 177471488, 375
12 1678704129, 387
20 0, 387
24 0, 387
36 0, 387
40 0, 387
48 0, 387
68 0, 387
72 0, 387
80 0, 387
96 0, 387
132 0, 387
136 0, 387
144 0, 387
160 0, 387
192 0, 387
260 0, 387
264 0, 387
272 0, 387
288 0, 387
320 0, 387
384 0, 387
4 51249408, 387
8 523, 387
16 50986497, 387
32 0, 387
64 0, 387
128 0, 387
256 0, 387
0 177471488, 387
12 1678704129, 399
20 0, 399
24 0, 399
36 0, 399
40 0, 399
48 0, 399
68 0, 399
72 0, 399
80 0, 399
96 0, 399
132 0, 399
136 0, 399
144 0, 399
160 0, 399
192 0, 399
260 0, 399
264 0, 399
272 0, 399
288 0, 399
320 0, 399
384 0, 399
4 51249408, 399
8 523, 399
16 50986497, 399
32 0, 399
64 0, 399
128 0, 399
256 0, 399
0 177471488, 399
12 1678704129, 411
20 0, 411
24 0, 411
36 0, 411
40 0, 411
48 0, 411
68 0, 411
72 0, 411
80 0, 411
96 0, 411
132 0, 411
136 0, 411
144 0, 411
160 0, 411
192 0, 411
260 0, 411
264 0, 411
272 0, 411
288 0, 411
320 0, 411
384 0, 411
4 51249408, 411
8 523, 411
16 50986497, 411
32 0, 411
64 0, 411
128 0, 411
256 0, 411
0 177471488, 411
12 1678704129, 423
20 0, 423
24 0, 423
36 0, 423
40 0, 423
48 0, 423
68 0, 423
72 0, 423
80 0, 423
96 0, 423
132 0, 423
136 0, 423
144 0, 423
160 0, 423
192 0, 423
260 0, 423
264 0, 423
272 0, 423
288 0, 423
320 0, 423
384 0, 423
4 51249408, 423
8 523, 423
16 50986497, 423
32 0, 423
64 0, 423
128 0, 423
256 0, 423
0 177471488, 423
12 1678704129, 435
20 0, 435
24 0, 435
36 0, 435
40 0, 435
48 0, 435
68 0, 435
72 0, 435
80 0, 435
96 0, 435
132 0, 435
136 0, 435
144 0, 435
160 0, 435
192 0, 435
260 0, 435
264 0, 435
272 0, 435
288 0, 435
320 0, 435
384 0, 435
4 51249408, 435
8 523, 435
16 50986497, 435
32 0, 435
64 0, 435
128 0, 435
256 0, 435
0 177471488, 435
12 1678704129, 447
20 0, 447
24 0, 447
36 0, 447
40 0, 447
48 0, 447
68 0, 447
72 0, 447
80 0, 447
96 0, 447
132 0, 447
136 0, 447
144 0, 447
160 0, 447
192 0, 447
260 0, 447
264 0, 447
272 0, 447
288 0, 447
320 0, 447
384 0, 447
4 51249408, 447
8 523, 447
16 50986497, 447
32 0, 447
64 0, 447
128 0, 447
256 0, 447
0 177471488, 447
508 0, 0
252 0, 0
380 0, 0
444 0, 0
476 0, 0
492 0, 0
500 0, 0
504 0, 0
124 0, 0
188 0, 0
220 0, 0
236 0, 0
244 0, 0
248 0, 0
316 0, 0
348 0, 0
364 0, 0
372 0, 0
376 0, 0
412 0, 0
428 0, 0
436 0, 0
440 0, 0
460 0, 0
468 0, 0
472 0, 0
484 0, 0
488 0, 0
496 0, 0
60 0, 0
92 0, 0
108 0, 0
116 0, 0
120 0, 0
156 0, 0
172 0, 0
180 0, 0
184 0, 0
204 0, 0
212 0, 0
216 0, 0
228 0, 0
232 0, 0
240 0, 0
284 0, 0
300 0, 0
308 0, 0
312 0, 0
332 0, 0
340 0, 0
344 0, 0
356 0, 0
360 0, 0
368 0, 0
396 0, 0
404 0, 0
408 0, 0
420 0, 0
424 0, 0
432 0, 0
452 0, 0
456 0, 0
464 0, 0
480 0, 0
28 0, 0
44 0, 0
52 0, 0
56 0, 0
76 0, 0
84 0, 0
88 0, 0
100 0, 0
104 0, 0
112 0, 0
140 0, 0
148 0, 0
152 0, 0
164 0, 0
168 0, 0
176 0, 0
196 0, 0
200 0, 0
208 0, 0
224 0, 0
268 0, 0
276 0, 0
280 0, 0
292 0, 0
296 0, 0
304 0, 0
324 0, 0
328 0, 0
336 0, 0
352 0, 0
388 0, 0
392 0, 0
400 0, 0
416 0, 0
448 0, 0
12 1678704129, 459
20 0, 459
24 0, 459
36 0, 459
40 0, 459
48 0, 459
68 0, 459
72 0, 459
80 0, 459
96 0, 459
132 0, 459
136 0, 459
144 0, 459
160 0, 459
192 0, 459
260 0, 459
264 0, 459
272 0, 459
288 0, 459
320 0, 459
384 0, 459
4 51249408, 459
8 523, 459
16 50986497, 459
32 0, 459
64 0, 459
128 0, 459
256 0, 459
0 177471488, 459
12 1678704129, 471
20 0, 471
24 0, 471
36 0, 471
40 0, 471
48 0, 471
68 0, 471
72 0, 471
80 0, 471
96 0, 471
132 0, 471
136 0, 471
144 0, 471
160 0, 471
192 0, 471
260 0, 471
264 0, 471
272 0, 471
288 0, 471
320 0, 471
384 0, 471
4 51249408, 471
8 523, 471
16 50986497, 471
32 0, 471
64 0, 471
128 0, 471
256 0, 471
0 177471488, 471
12 1678704129, 483
20 0, 483
24 0, 483
36 0, 483
40 0, 483
48 0, 483
68 0, 483
72 0, 483
80 0, 483
96 0, 483
132 0, 483
136 0, 483
144 0, 483
160 0, 483
192 0, 483
260 0, 483
264 0, 483
272 0, 483
288 0, 483
320 0, 483
384 0, 483
4 51249408, 483
8 523, 483
16 50986497, 483
32 0, 483
64 0, 483
128 0, 483
256 0, 483
0 177471488, 483
12 1678704129, 495
20 0, 495
24 0, 495
36 0, 495
40 0, 495
48 0, 495
68 0, 495
72 0, 495
80 0, 495
96 0, 495
132 0, 495
136 0, 495
144 0, 495
160 0, 495
192 0, 495
260 0, 495
264 0, 495
272 0, 495
288 0, 495
320 0, 495
384 0, 495
4 51249408, 495
8 523, 495
16 50986497, 495
32 0, 495
64 0, 495
128 0, 495
256 0, 495
0 177471488, 495
12 1678704129, 507
20 0, 507
24 0, 507
36 0, 507
40 0, 507
48 0, 507
68 0, 507
72 0, 507
80 0, 507
96 0, 507
132 0, 507
136 0, 507
144 0, 507
160 0, 507
192 0, 507
260 0, 507
264 0, 507
272 0, 507
288 0, 507
320 0, 507
384 0, 507
4 51249408, 507
8 523, 507
16 50986497, 507
32 0, 507
64 0, 507
128 0, 507
256 0, 507
0 177471488, 507
12 1678704129, 7
20 0, 7
24 0, 7
36 0, 7
40 0, 7
48 0, 7
68 0, 7
72 0, 7
80 0, 7
96 0, 7
132 0, 7
136 0, 7
144 0, 7
160 0, 7
192 0, 7
260 0, 7
264 0, 7
272 0, 7
288 0, 7
320 0, 7
384 0, 7
4 51249408, 7
8 523, 7
16 50986497, 7
32 0, 7
64 0, 7
128 0, 7
256 0, 7
0 177471488, 7
12 1678704129, 19
20 0, 19
24 0, 19
36 0, 19
40 0, 19
48 0, 19
68 0, 19
72 0, 19
80 0, 19
96 0, 19
132 0, 19
136 0, 19
144 0, 19
160 0, 19
192 0, 19
260 0, 19
264 0, 19
272 0, 19
288 0, 19
320 0, 19
384 0, 19
4 51249408, 19
8 523, 19
16 50986497, 19
32 0, 19
64 0, 19
128 0, 19
256 0, 19
0 177471488, 19
12 1678704129, 31
20 0, 31
24 0, 31
36 0, 31
40 0, 31
48 0, 31
68 0, 31
72 0, 31
80 0, 31
96 0, 31
132 0, 31
136 0, 31
144 0, 31
160 0, 31
192 0, 31
260 0, 31
264 0, 31
272 0, 31
288 0, 31
320 0, 31
384 0, 31
4 51249408, 31
8 523, 31
16 50986497, 31
32 0, 31
64 0, 31
128 0, 31
256 0, 31
0 177471488, 31
12 1678704129, 43
20 0, 43
24 0, 43
36 0, 43
40 0, 43
48 0, 43
68 0, 43
72 0, 43
80 0, 43
96 0, 43
132 0, 43
136 0, 43
144 0, 43
160 0, 43
192 0, 43
260 0, 43
264 0, 43
272 0, 43
288 0, 43
320 0, 43
384 0, 43
4 51249408, 43
8 523, 43
16 50986497, 43
32 0, 43
64 0, 43
128 0, 43
256 0, 43
0 177471488, 43
12 1678704129, 55
20 0, 55
24 0, 55
36 0, 55
40 0, 55
48 0, 55
68 0, 55
72 0, 55
80 0, 55
96 0, 55
132 0, 55
136 0, 55
144 0, 55
160 0, 55
192 0, 55
260 0, 55
264 0, 55
272 0, 55
288 0, 55
320 0, 55
384 0, 55
4 51249408, 55
8 523, 55
16 50986497, 55
32 0, 55
64 0, 55
128 0, 55
256 0, 55
0 177471488, 55
12 1678704129, 67
20 0, 67
24 0, 67
36 0, 67
40 0, 67
48 0, 67
68 0, 67
72 0, 67
80 0, 67
96 0, 67
132 0, 67
136 0, 67
144 0, 67
160 0, 67
192 0, 67
260 0, 67
264 0, 67
272 0, 67
288 0, 67
320 0, 67
384 0, 67
4 51249408, 67
8 523, 67
16 50986497, 67
32 0, 67
64 0, 67
128 0, 67
256 0, 67
0 177471488, 67
12 1678704129, 79
20 0, 79
24 0, 79
36 0, 79
40 0, 79
48 0, 79
68 0, 79
72 0, 79
80 0, 79
96 0, 79
132 0, 79
136 0, 79
144 0, 79
160 0, 79
192 0, 79
260 0, 79
264 0, 79
272 0, 79
288 0, 79
320 0, 79
384 0, 79
4 51249408, 79
8 523, 79
16 50986497, 79
32 0, 79
64 0, 79
128 0, 79
256 0, 79
0 177471488, 79
12 1678704129, 91
20 0, 91
24 0, 91
36 0, 91
40 0, 91
48 0, 91
68 0, 91
72 0, 91
80 0, 91
96 0, 91
132 0, 91
136 0, 91
144 0, 91
160 0, 91
192 0, 91
260 0, 91
264 0, 91
272 0, 91
28The player 2(La bourrasque) has won.
8 0, 91
320 0, 91
384 0, 91
4 51249408, 91
8 523, 91
16 50986497, 91
32 0, 91
64 0, 91
128 0, 91
256 0, 91
0 177471488, 91
12 1678704129, 103
20 0, 103
24 0, 103
36 0, 103
40 0, 103
48 0, 103
68 0, 103
72 0, 103
80 0, 103
96 0, 103
132 0, 103
136 0, 103
144 0, 103
160 0, 103
192 0, 103
260 0, 103
264 0, 103
272 0, 103
288 0, 103
320 0, 103
384 0, 103
4 51249408, 103
8 523, 103
16 50986497, 103
32 0, 103
64 0, 103
128 0, 103
256 0, 103
0 177471488, 103
12 1678704129, 115
20 0, 115
24 0, 115
36 0, 115
40 0, 115
48 0, 115
68 0, 115
72 0, 115
80 0, 115
96 0, 115
132 0, 115
136 0, 115
144 0, 115
160 0, 115
192 0, 115
260 0, 115
264 0, 115
272 0, 115
288 0, 115
320 0, 115
384 0, 115
4 51249408, 115
8 523, 115
16 50986497, 115
32 0, 115
64 0, 115
128 0, 115
256 0, 115
0 177471488, 115
12 1678704129, 127
20 0, 127
24 0, 127
36 0, 127
40 0, 127
48 0, 127
68 0, 127
72 0, 127
80 0, 127
96 0, 127
132 0, 127
136 0, 127
144 0, 127
160 0, 127
192 0, 127
260 0, 127
264 0, 127
272 0, 127
288 0, 127
320 0, 127
384 0, 127
4 51249408, 127
8 523, 127
16 50986497, 127
32 0, 127
64 0, 127
128 0, 127
256 0, 127
0 177471488, 127
12 1678704129, 139
20 0, 139
24 0, 139
36 0, 139
40 0, 139
48 0, 139
68 0, 139
72 0, 139
80 0, 139
96 0, 139
132 0, 139
136 0, 139
144 0, 139
160 0, 139
192 0, 139
260 0, 139
264 0, 139
272 0, 139
288 0, 139
320 0, 139
384 0, 139
4 51249408, 139
8 523, 139
16 50986497, 139
32 0, 139
64 0, 139
128 0, 139
256 0, 139
0 177471488, 139
